0 0 0 127 0 0 0 0 0 0 0 0 0 0 0 0 0 47 0 0 0 0 0 0 0 0 0 0 0 0 121 0 0 0
0 0 268 0 85 0 0 0 0 161 246 0 0 0 0 321 0 0 0 0 0 0 0 0 0 0 0 0 218 0 0 286 0 0
0 268 0 0 280 0 0 0 0 0 0 165 0 0 300 0 0 0 0 0 0 0 0 0 0 0 0 0 303 0 0 0 0 0
127 0 0 0 0 0 140 0 87 0 0 0 0 0 0 0 0 0 0 0 0 188 0 0 0 0 0 0 0 0 184 0 0 0
0 85 280 0 0 0 0 0 0 0 0 0 0 0 127 0 0 0 0 0 0 0 0 0 0 0 0 0 0 0 0 0 0 0
0 0 0 0 0 0 0 0 0 0 0 0 0 132 0 0 280 0 0 0 0 0 0 0 0 0 0 0 0 0 0 0 135 0
0 0 0 140 0 0 0 0 159 0 0 0 0 0 0 0 0 0 0 0 344 0 0 0 333 0 0 209 0 0 0 200 0 143
0 0 0 0 0 0 0 0 0 0 0 0 73 0 0 0 0 0 0 0 0 0 142 0 0 0 0 0 0 0 0 0 0 0
0 0 0 87 0 0 159 0 0 0 0 0 0 0 0 0 0 0 0 0 0 0 163 0 0 0 0 0 0 0 0 0 0 0
0 161 0 0 0 0 0 0 0 0 0 0 0 0 0 0 0 0 0 0 113 0 0 0 0 0 0 0 0 0 0 131 0 0
0 246 0 0 0 0 0 0 0 0 0 0 0 0 0 182 0 0 0 126 0 0 0 0 0 0 0 170 0 0 0 152 0 0
0 0 165 0 0 0 0 0 0 0 0 0 0 0 0 0 0 0 0 0 0 0 0 0 0 0 0 0 330 0 0 0 0 0
0 0 0 0 0 0 0 73 0 0 0 0 0 181 0 0 0 0 0 0 0 73 0 0 0 168 0 0 0 0 0 0 0 0
0 0 0 0 0 132 0 0 0 0 0 0 181 0 0 0 229 0 0 0 0 211 0 0 0 136 0 0 0 0 0 0 0 0
0 0 300 0 127 0 0 0 0 0 0 0 0 0 0 0 0 0 0 0 0 0 0 251 0 0 0 0 0 236 0 0 0 0
0 321 0 0 0 0 0 0 0 0 182 0 0 0 0 0 0 0 132 164 0 0 0 0 0 0 0 0 0 69 0 0 0 0
0 0 0 0 0 280 0 0 0 0 0 0 0 229 0 0 0 0 0 0 0 0 0 0 0 0 41 0 0 0 0 0 0 0
47 0 0 0 0 0 0 0 0 0 0 0 0 0 0 0 0 0 0 0 0 0 0 0 0 0 0 120 0 0 0 0 0 0
0 0 0 0 0 0 0 0 0 0 0 0 0 0 0 132 0 0 0 224 0 0 0 0 0 0 0 273 0 0 0 0 0 0
0 0 0 0 0 0 0 0 0 0 126 0 0 0 0 164 0 0 224 0 0 0 0 0 0 0 0 117 0 0 0 0 0 0
0 0 0 0 0 0 344 0 0 113 0 0 0 0 0 0 0 0 0 0 0 0 0 0 174 0 0 0 143 0 0 0 0 0
0 0 0 188 0 0 0 0 0 0 0 0 73 211 0 0 0 0 0 0 0 0 93 0 0 184 0 0 0 0 194 0 0 0
0 0 0 0 0 0 0 142 163 0 0 0 0 0 0 0 0 0 0 0 0 93 0 0 0 0 0 0 0 0 0 0 0 0
0 0 0 0 0 0 0 0 0 0 0 0 0 0 251 0 0 0 0 0 0 0 0 0 0 0 0 0 0 277 0 0 0 0
0 0 0 0 0 0 333 0 0 0 0 0 0 0 0 0 0 0 0 0 174 0 0 0 0 0 0 0 0 0 0 0 0 0
0 0 0 0 0 0 0 0 0 0 0 0 168 136 0 0 0 0 0 0 0 184 0 0 0 0 0 0 0 0 111 0 171 0
0 0 0 0 0 0 0 0 0 0 0 0 0 0 0 0 41 0 0 0 0 0 0 0 0 0 0 0 0 0 0 0 0 0
0 0 0 0 0 0 209 0 0 0 170 0 0 0 0 0 0 120 273 117 0 0 0 0 0 0 0 0 0 0 0 0 0 0
0 218 303 0 0 0 0 0 0 0 0 330 0 0 0 0 0 0 0 0 143 0 0 0 0 0 0 0 0 0 0 0 0 0
0 0 0 0 0 0 0 0 0 0 0 0 0 0 236 69 0 0 0 0 0 0 0 277 0 0 0 0 0 0 0 0 0 0
121 0 0 184 0 0 0 0 0 0 0 0 0 0 0 0 0 0 0 0 0 194 0 0 0 111 0 0 0 0 0 0 187 0
0 286 0 0 0 0 200 0 0 131 152 0 0 0 0 0 0 0 0 0 0 0 0 0 0 0 0 0 0 0 0 0 0 0
0 0 0 0 0 135 0 0 0 0 0 0 0 0 0 0 0 0 0 0 0 0 0 0 0 171 0 0 0 0 187 0 0 0
0 0 0 0 0 0 143 0 0 0 0 0 0 0 0 0 0 0 0 0 0 0 0 0 0 0 0 0 0 0 0 0 0 0